n	p	alpha	c_palpha
6	0.01	0.005	14.73059966
6	0.05	0.005	9.75340712
6	0.1	0.005	7.602618124
6	0.2	0.005	5.446725978
6	0.3	0.005	4.183086941
6	0.4	0.005	3.279894408
6	0.5	0.005	2.582553992
6	0.6	0.005	2.029939409
6	0.7	0.005	1.5842849
6	0.8	0.005	1.225300286
6	0.9	0.005	0.951244289
6	0.95	0.005	0.854563739
6	0.99	0.005	0.832240305
8	0.01	0.005	9.809608335
8	0.05	0.005	6.554907327
8	0.1	0.005	5.149823408
8	0.2	0.005	3.736668494
8	0.3	0.005	2.906796469
8	0.4	0.005	2.320800835
8	0.5	0.005	1.867381161
8	0.6	0.005	1.504703227
8	0.7	0.005	1.211762702
8	0.8	0.005	0.97893838
8	0.9	0.005	0.803800529
8	0.95	0.005	0.747366774
8	0.99	0.005	0.753462238
10	0.01	0.005	7.505967021
10	0.05	0.005	5.04420648
10	0.1	0.005	3.982668694
10	0.2	0.005	2.915366526
10	0.3	0.005	2.290854749
10	0.4	0.005	1.847141967
10	0.5	0.005	1.505884267
10	0.6	0.005	1.232669613
10	0.7	0.005	1.01410617
10	0.8	0.005	0.840167135
10	0.9	0.005	0.713044305
10	0.95	0.005	0.67671199
10	0.99	0.005	0.696790852
12	0.01	0.005	6.207966632
12	0.05	0.005	4.189240658
12	0.1	0.005	3.317193166
12	0.2	0.005	2.442573463
12	0.3	0.005	1.931080269
12	0.4	0.005	1.56802936
12	0.5	0.005	1.289197523
12	0.6	0.005	1.068617198
12	0.7	0.005	0.890602542
12	0.8	0.005	0.749835669
12	0.9	0.005	0.649435263
12	0.95	0.005	0.625084943
12	0.99	0.005	0.653480922
15	0.01	0.005	4.998366263
15	0.05	0.005	3.388015097
15	0.1	0.005	2.691739822
15	0.2	0.005	1.99854036
15	0.3	0.005	1.591375623
15	0.4	0.005	1.303792267
15	0.5	0.005	1.082117466
15	0.6	0.005	0.906001326
15	0.7	0.005	0.765185209
15	0.8	0.005	0.655716737
15	0.9	0.005	0.58234759
15	0.95	0.005	0.567723663
15	0.99	0.005	0.602336726
20	0.01	0.005	3.8839111
20	0.05	0.005	2.642884549
20	0.1	0.005	2.109094112
20	0.2	0.005	1.576135864
20	0.3	0.005	1.264896592
20	0.4	0.005	1.043544377
20	0.5	0.005	0.875481889
20	0.6	0.005	0.743401823
20	0.7	0.005	0.638708953
20	0.8	0.005	0.55816425
20	0.9	0.005	0.508126493
20	0.95	0.005	0.503351615
20	0.99	0.005	0.542819531
25	0.01	0.005	3.253603375
25	0.05	0.005	2.220104797
25	0.1	0.005	1.77689083
25	0.2	0.005	1.33264165
25	0.3	0.005	1.074775415
25	0.4	0.005	0.892058857
25	0.5	0.005	0.75253388
25	0.6	0.005	0.644113244
25	0.7	0.005	0.558596267
25	0.8	0.005	0.495335572
25	0.9	0.005	0.457921394
25	0.95	0.005	0.458286084
25	0.99	0.005	0.498498631
30	0.01	0.005	2.826076297
30	0.05	0.005	1.933133586
30	0.1	0.005	1.550032546
30	0.2	0.005	1.167729332
30	0.3	0.005	0.945058234
30	0.4	0.005	0.787273348
30	0.5	0.005	0.668485396
30	0.6	0.005	0.575985017
30	0.7	0.005	0.50371523
30	0.8	0.005	0.450388676
30	0.9	0.005	0.421755691
30	0.95	0.005	0.425057083
30	0.99	0.005	0.464853972
35	0.01	0.005	2.527514817
35	0.05	0.005	1.733412928
35	0.1	0.005	1.391195581
35	0.2	0.005	1.050859651
35	0.3	0.005	0.852547536
35	0.4	0.005	0.713085441
35	0.5	0.005	0.606971296
35	0.6	0.005	0.524347423
35	0.7	0.005	0.461007537
35	0.8	0.005	0.414979238
35	0.9	0.005	0.392499
35	0.95	0.005	0.397766531
35	0.99	0.005	0.438516204
40	0.01	0.005	2.298708967
40	0.05	0.005	1.576442248
40	0.1	0.005	1.267919973
40	0.2	0.005	0.959221232
40	0.3	0.005	0.780686549
40	0.4	0.005	0.654199321
40	0.5	0.005	0.558668406
40	0.6	0.005	0.485321668
40	0.7	0.005	0.428521009
40	0.8	0.005	0.388324424
40	0.9	0.005	0.369406108
40	0.95	0.005	0.375578753
40	0.99	0.005	0.416059799
45	0.01	0.005	2.121444979
45	0.05	0.005	1.457277214
45	0.1	0.005	1.172919762
45	0.2	0.005	0.889498641
45	0.3	0.005	0.724413969
45	0.4	0.005	0.608392861
45	0.5	0.005	0.52133285
45	0.6	0.005	0.453724729
45	0.7	0.005	0.401881814
45	0.8	0.005	0.365706455
45	0.9	0.005	0.349801705
45	0.95	0.005	0.357034081
45	0.99	0.005	0.396669283
50	0.01	0.005	1.975190596
50	0.05	0.005	1.358548683
50	0.1	0.005	1.09420077
50	0.2	0.005	0.83006319
50	0.3	0.005	0.677052223
50	0.4	0.005	0.569737871
50	0.5	0.005	0.489292044
50	0.6	0.005	0.427119438
50	0.7	0.005	0.379438142
50	0.8	0.005	0.346978414
50	0.9	0.005	0.333664937
50	0.95	0.005	0.342126187
50	0.99	0.005	0.381074315
60	0.01	0.005	1.750829099
60	0.05	0.005	1.205455789
60	0.1	0.005	0.972140086
60	0.2	0.005	0.740284101
60	0.3	0.005	0.605398551
60	0.4	0.005	0.510646388
60	0.5	0.005	0.439731147
60	0.6	0.005	0.385208656
60	0.7	0.005	0.344350885
60	0.8	0.005	0.316601638
60	0.9	0.005	0.306904233
60	0.95	0.005	0.315760919
60	0.99	0.005	0.353351702
70	0.01	0.005	1.585261156
70	0.05	0.005	1.092417955
70	0.1	0.005	0.882081622
70	0.2	0.005	0.672357008
70	0.3	0.005	0.550897566
70	0.4	0.005	0.466115119
70	0.5	0.005	0.402383619
70	0.6	0.005	0.353246739
70	0.7	0.005	0.317061896
70	0.8	0.005	0.292967813
70	0.9	0.005	0.285840288
70	0.95	0.005	0.295585252
70	0.99	0.005	0.331925419
80	0.01	0.005	1.45566522
80	0.05	0.005	1.005301562
80	0.1	0.005	0.812713779
80	0.2	0.005	0.62084859
80	0.3	0.005	0.509665484
80	0.4	0.005	0.431880839
80	0.5	0.005	0.373823611
80	0.6	0.005	0.329376038
80	0.7	0.005	0.296653569
80	0.8	0.005	0.275030834
80	0.9	0.005	0.269528937
80	0.95	0.005	0.279280001
80	0.99	0.005	0.314295973
90	0.01	0.005	1.355330196
90	0.05	0.005	0.935470841
90	0.1	0.005	0.756349939
90	0.2	0.005	0.578213921
90	0.3	0.005	0.474948162
90	0.4	0.005	0.403216573
90	0.5	0.005	0.349994678
90	0.6	0.005	0.30899999
90	0.7	0.005	0.278804621
90	0.8	0.005	0.259552332
90	0.9	0.005	0.255265185
90	0.95	0.005	0.264727664
90	0.99	0.005	0.298875493
100	0.01	0.005	1.267006129
100	0.05	0.005	0.875854354
100	0.1	0.005	0.708739666
100	0.2	0.005	0.541887695
100	0.3	0.005	0.445704312
100	0.4	0.005	0.378932785
100	0.5	0.005	0.32916855
100	0.6	0.005	0.291288791
100	0.7	0.005	0.263658798
100	0.8	0.005	0.246315554
100	0.9	0.005	0.242926998
100	0.95	0.005	0.252596379
100	0.99	0.005	0.285856383
6	0.01	0.01	11.99755682
6	0.05	0.01	7.960485303
6	0.1	0.01	6.225720206
6	0.2	0.01	4.470160959
6	0.3	0.01	3.434662277
6	0.4	0.01	2.70360855
6	0.5	0.01	2.143128527
6	0.6	0.01	1.695343176
6	0.7	0.01	1.335784707
6	0.8	0.01	1.049897475
6	0.9	0.01	0.83408709
6	0.95	0.01	0.761952073
6	0.99	0.01	0.758082541
8	0.01	0.01	8.216085926
8	0.05	0.01	5.496589828
8	0.1	0.01	4.327378937
8	0.2	0.01	3.148113761
8	0.3	0.01	2.456154699
8	0.4	0.01	1.964593511
8	0.5	0.01	1.586634385
8	0.6	0.01	1.287537905
8	0.7	0.01	1.045301498
8	0.8	0.01	0.853556173
8	0.9	0.01	0.713509381
8	0.95	0.01	0.671274638
8	0.99	0.01	0.688168031
10	0.01	0.01	6.382095051
10	0.05	0.01	4.293921777
10	0.1	0.01	3.394588865
10	0.2	0.01	2.492618028
10	0.3	0.01	1.9612167
10	0.4	0.01	1.584636295
10	0.5	0.01	1.296362075
10	0.6	0.01	1.067909759
10	0.7	0.01	0.883631206
10	0.8	0.01	0.739149538
10	0.9	0.01	0.63647614
10	0.95	0.01	0.610578977
10	0.99	0.01	0.636695787
12	0.01	0.01	5.328452988
12	0.05	0.01	3.596358521
12	0.1	0.01	2.85198042
12	0.2	0.01	2.10517199
12	0.3	0.01	1.667166412
12	0.4	0.01	1.356912118
12	0.5	0.01	1.119459328
12	0.6	0.01	0.93087802
12	0.7	0.01	0.780610546
12	0.8	0.01	0.663024853
12	0.9	0.01	0.581808997
12	0.95	0.01	0.565472193
12	0.99	0.01	0.597390329
15	0.01	0.01	4.331741256
15	0.05	0.01	2.9343842
15	0.1	0.01	2.335774491
15	0.2	0.01	1.735642755
15	0.3	0.01	1.384906762
15	0.4	0.01	1.135718159
15	0.5	0.01	0.945513452
15	0.6	0.01	0.795084472
15	0.7	0.01	0.675231242
15	0.8	0.01	0.583372505
15	0.9	0.01	0.523224542
15	0.95	0.01	0.514502607
15	0.99	0.01	0.550782763
20	0.01	0.01	3.399142687
20	0.05	0.01	2.314880309
20	0.1	0.01	1.848541957
20	0.2	0.01	1.381403758
20	0.3	0.01	1.108830058
20	0.4	0.01	0.91723504
20	0.5	0.01	0.771750176
20	0.6	0.01	0.656592688
20	0.7	0.01	0.56656247
20	0.8	0.01	0.498628974
20	0.9	0.01	0.457936649
20	0.95	0.01	0.456889937
20	0.99	0.01	0.495700642
25	0.01	0.01	2.854638841
25	0.05	0.01	1.949607584
25	0.1	0.01	1.561216418
25	0.2	0.01	1.173137283
25	0.3	0.01	0.94660173
25	0.4	0.01	0.787217266
25	0.5	0.01	0.66646982
25	0.6	0.01	0.571468188
25	0.7	0.01	0.497558468
25	0.8	0.01	0.44363339
25	0.9	0.01	0.41384826
25	0.95	0.01	0.416430204
25	0.99	0.01	0.455805842
30	0.01	0.01	2.491940397
30	0.05	0.01	1.704243774
30	0.1	0.01	1.36789883
30	0.2	0.01	1.031452235
30	0.3	0.01	0.835446144
30	0.4	0.01	0.697773887
30	0.5	0.01	0.593132339
30	0.6	0.01	0.512004915
30	0.7	0.01	0.449295771
30	0.8	0.01	0.403800186
30	0.9	0.01	0.381053389
30	0.95	0.01	0.386088031
30	0.99	0.01	0.42492823
35	0.01	0.01	2.232463111
35	0.05	0.01	1.53207714
35	0.1	0.01	1.231021013
35	0.2	0.01	0.930392267
35	0.3	0.01	0.75519371
35	0.4	0.01	0.631963039
35	0.5	0.01	0.538862763
35	0.6	0.01	0.466993448
35	0.7	0.01	0.411649803
35	0.8	0.01	0.372999707
35	0.9	0.01	0.355212698
35	0.95	0.01	0.361834756
35	0.99	0.01	0.40049605
40	0.01	0.01	2.033224263
40	0.05	0.01	1.395862485
40	0.1	0.01	1.122774331
40	0.2	0.01	0.850460728
40	0.3	0.01	0.692159616
40	0.4	0.01	0.580983714
40	0.5	0.01	0.497043786
40	0.6	0.01	0.432761804
40	0.7	0.01	0.383463313
40	0.8	0.01	0.349222404
40	0.9	0.01	0.334547783
40	0.95	0.01	0.342020998
40	0.99	0.01	0.379794876
45	0.01	0.01	1.879393577
45	0.05	0.01	1.290962147
45	0.1	0.01	1.039505147
45	0.2	0.01	0.788611662
45	0.3	0.01	0.643501896
45	0.4	0.01	0.541752746
45	0.5	0.01	0.464418418
45	0.6	0.01	0.405049322
45	0.7	0.01	0.359852046
45	0.8	0.01	0.328871389
45	0.9	0.01	0.316346488
45	0.95	0.01	0.324575926
45	0.99	0.01	0.361829913
50	0.01	0.01	1.751183346
50	0.05	0.01	1.205380228
50	0.1	0.01	0.97159219
50	0.2	0.01	0.737733756
50	0.3	0.01	0.601967724
50	0.4	0.01	0.507441445
50	0.5	0.01	0.436016591
50	0.6	0.01	0.381395448
50	0.7	0.01	0.340103529
50	0.8	0.01	0.31223445
50	0.9	0.01	0.302165555
50	0.95	0.01	0.310842252
50	0.99	0.01	0.347445601
60	0.01	0.01	1.557901465
60	0.05	0.01	1.072968127
60	0.1	0.01	0.865620779
60	0.2	0.01	0.658851978
60	0.3	0.01	0.538864322
60	0.4	0.01	0.455309461
60	0.5	0.01	0.392696215
60	0.6	0.01	0.344706609
60	0.7	0.01	0.308907603
60	0.8	0.01	0.284991371
60	0.9	0.01	0.277831746
60	0.95	0.01	0.286883032
60	0.99	0.01	0.321986385
70	0.01	0.01	1.411554804
70	0.05	0.01	0.973886673
70	0.1	0.01	0.786703098
70	0.2	0.01	0.599984966
70	0.3	0.01	0.491826412
70	0.4	0.01	0.416319955
70	0.5	0.01	0.359698392
70	0.6	0.01	0.316561081
70	0.7	0.01	0.284670093
70	0.8	0.01	0.264152646
70	0.9	0.01	0.259043165
70	0.95	0.01	0.268555489
70	0.99	0.01	0.302511346
80	0.01	0.01	1.297778607
80	0.05	0.01	0.896426126
80	0.1	0.01	0.724744399
80	0.2	0.01	0.554035908
80	0.3	0.01	0.454946231
80	0.4	0.01	0.386083506
80	0.5	0.01	0.33459738
80	0.6	0.01	0.295465208
80	0.7	0.01	0.266306285
80	0.8	0.01	0.247908758
80	0.9	0.01	0.243957872
80	0.95	0.01	0.25347081
80	0.99	0.01	0.28610262
90	0.01	0.01	1.208271139
90	0.05	0.01	0.835127181
90	0.1	0.01	0.67543576
90	0.2	0.01	0.51685166
90	0.3	0.01	0.424643697
90	0.4	0.01	0.360779445
90	0.5	0.01	0.31305685
90	0.6	0.01	0.277045671
90	0.7	0.01	0.250486088
90	0.8	0.01	0.233996735
90	0.9	0.01	0.231268087
90	0.95	0.01	0.240743073
90	0.99	0.01	0.272014148
100	0.01	0.01	1.132296964
100	0.05	0.01	0.782518096
100	0.1	0.01	0.633173109
100	0.2	0.01	0.48497716
100	0.3	0.01	0.398934759
100	0.4	0.01	0.339033066
100	0.5	0.01	0.294783731
100	0.6	0.01	0.261285561
100	0.7	0.01	0.237053039
100	0.8	0.01	0.221985016
100	0.9	0.01	0.220072722
100	0.95	0.01	0.229508069
100	0.99	0.01	0.260201275
6	0.01	0.025	8.885269606
6	0.05	0.025	5.906046907
6	0.1	0.025	4.620137827
6	0.2	0.025	3.327891093
6	0.3	0.025	2.566602491
6	0.4	0.025	2.028164986
6	0.5	0.025	1.617575061
6	0.6	0.025	1.29106621
6	0.7	0.025	1.030623722
6	0.8	0.025	0.824675566
6	0.9	0.025	0.675534407
6	0.95	0.025	0.630940031
6	0.99	0.025	0.643475932
8	0.01	0.025	6.294440859
8	0.05	0.025	4.21790882
8	0.1	0.025	3.322877991
8	0.2	0.025	2.425225159
8	0.3	0.025	1.896240398
8	0.4	0.025	1.521371962
8	0.5	0.025	1.235176043
8	0.6	0.025	1.008193259
8	0.7	0.025	0.826951449
8	0.8	0.025	0.685330393
8	0.9	0.025	0.585990772
8	0.95	0.025	0.561459924
8	0.99	0.025	0.586099312
10	0.01	0.025	4.984171697
10	0.05	0.025	3.356069411
10	0.1	0.025	2.655933523
10	0.2	0.025	1.953772838
10	0.3	0.025	1.540936807
10	0.4	0.025	1.249573003
10	0.5	0.025	1.026676393
10	0.6	0.025	0.849910955
10	0.7	0.025	0.709547009
10	0.8	0.025	0.600479636
10	0.9	0.025	0.527377016
10	0.95	0.025	0.513152423
10	0.99	0.025	0.54343218
12	0.01	0.025	4.205014937
12	0.05	0.025	2.842479789
12	0.1	0.025	2.256967034
12	0.2	0.025	1.668427184
12	0.3	0.025	1.324778398
12	0.4	0.025	1.080184758
12	0.5	0.025	0.893423487
12	0.6	0.025	0.747103601
12	0.7	0.025	0.630539724
12	0.8	0.025	0.541633092
12	0.9	0.025	0.484635548
12	0.95	0.025	0.476618524
12	0.99	0.025	0.50973686
15	0.01	0.025	3.454493431
15	0.05	0.025	2.343747095
15	0.1	0.025	1.866688082
15	0.2	0.025	1.388105976
15	0.3	0.025	1.108987642
15	0.4	0.025	0.912141877
15	0.5	0.025	0.761629521
15	0.6	0.025	0.643272151
15	0.7	0.025	0.550219855
15	0.8	0.025	0.479929095
15	0.9	0.025	0.437286035
15	0.95	0.025	0.434851514
15	0.99	0.025	0.470352528
20	0.01	0.025	2.744170688
20	0.05	0.025	1.86983132
20	0.1	0.025	1.494401818
20	0.2	0.025	1.118799065
20	0.3	0.025	0.899423438
20	0.4	0.025	0.74505876
20	0.5	0.025	0.627935828
20	0.6	0.025	0.5363802
20	0.7	0.025	0.46524715
20	0.8	0.025	0.413043443
20	0.9	0.025	0.38462394
20	0.95	0.025	0.386931132
20	0.99	0.025	0.423434131
25	0.01	0.025	2.318223946
25	0.05	0.025	1.585817341
25	0.1	0.025	1.270803674
25	0.2	0.025	0.956045432
25	0.3	0.025	0.772361987
25	0.4	0.025	0.643569938
25	0.5	0.025	0.545635248
25	0.6	0.025	0.469541771
25	0.7	0.025	0.410637963
25	0.8	0.025	0.368528988
25	0.9	0.025	0.348125286
25	0.95	0.025	0.353216461
25	0.99	0.025	0.389395257
30	0.01	0.025	2.034528184
30	0.05	0.025	1.393374964
30	0.1	0.025	1.118425063
30	0.2	0.025	0.844535307
30	0.3	0.025	0.684491153
30	0.4	0.025	0.572483825
30	0.5	0.025	0.487825541
30	0.6	0.025	0.422066097
30	0.7	0.025	0.371721039
30	0.8	0.025	0.336700898
30	0.9	0.025	0.32091628
30	0.95	0.025	0.327296268
30	0.99	0.025	0.362933912
35	0.01	0.025	1.82791872
35	0.05	0.025	1.254325623
35	0.1	0.025	1.008367298
35	0.2	0.025	0.762963021
35	0.3	0.025	0.619596878
35	0.4	0.025	0.519485689
35	0.5	0.025	0.443988905
35	0.6	0.025	0.385789898
35	0.7	0.025	0.342132349
35	0.8	0.025	0.311796464
35	0.9	0.025	0.29964133
35	0.95	0.025	0.307030388
35	0.99	0.025	0.342074798
40	0.01	0.025	1.669335214
40	0.05	0.025	1.147170314
40	0.1	0.025	0.923418644
40	0.2	0.025	0.700182942
40	0.3	0.025	0.570070054
40	0.4	0.025	0.479271438
40	0.5	0.025	0.411066613
40	0.6	0.025	0.358499084
40	0.7	0.025	0.318740803
40	0.8	0.025	0.291861295
40	0.9	0.025	0.282283468
40	0.95	0.025	0.290263612
40	0.99	0.025	0.324161502
45	0.01	0.025	1.545285512
45	0.05	0.025	1.062991005
45	0.1	0.025	0.856306679
45	0.2	0.025	0.65033002
45	0.3	0.025	0.530621442
45	0.4	0.025	0.446881574
45	0.5	0.025	0.383904168
45	0.6	0.025	0.335782042
45	0.7	0.025	0.299631627
45	0.8	0.025	0.275305085
45	0.9	0.025	0.267354169
45	0.95	0.025	0.275711881
45	0.99	0.025	0.30887189
50	0.01	0.025	1.442140898
50	0.05	0.025	0.992819552
50	0.1	0.025	0.800682361
50	0.2	0.025	0.608940031
50	0.3	0.025	0.497662207
50	0.4	0.025	0.419628138
50	0.5	0.025	0.361329233
50	0.6	0.025	0.316672303
50	0.7	0.025	0.283424157
50	0.8	0.025	0.261680951
50	0.9	0.025	0.255225421
50	0.95	0.025	0.263781918
50	0.99	0.025	0.296200801
60	0.01	0.025	1.285686651
60	0.05	0.025	0.886065875
60	0.1	0.025	0.715365302
60	0.2	0.025	0.544966803
60	0.3	0.025	0.446258886
60	0.4	0.025	0.377159282
60	0.5	0.025	0.325839289
60	0.6	0.025	0.286594751
60	0.7	0.025	0.257781864
60	0.8	0.025	0.239148517
60	0.9	0.025	0.234835619
60	0.95	0.025	0.243504174
60	0.99	0.025	0.274523996
70	0.01	0.025	1.16825118
70	0.05	0.025	0.806527137
70	0.1	0.025	0.651588605
70	0.2	0.025	0.497316198
70	0.3	0.025	0.407892317
70	0.4	0.025	0.345459144
70	0.5	0.025	0.298961498
70	0.6	0.025	0.263771344
70	0.7	0.025	0.238009677
70	0.8	0.025	0.221847979
70	0.9	0.025	0.219019048
70	0.95	0.025	0.227940327
70	0.99	0.025	0.257672521
80	0.01	0.025	1.076313191
80	0.05	0.025	0.743516666
80	0.1	0.025	0.601202049
80	0.2	0.025	0.459580842
80	0.3	0.025	0.377523826
80	0.4	0.025	0.320507968
80	0.5	0.025	0.278063918
80	0.6	0.025	0.245996527
80	0.7	0.025	0.222615739
80	0.8	0.025	0.208182064
80	0.9	0.025	0.206217531
80	0.95	0.025	0.214979234
80	0.99	0.025	0.24340284
90	0.01	0.025	1.001955434
90	0.05	0.025	0.692848283
90	0.1	0.025	0.560846989
90	0.2	0.025	0.429285874
90	0.3	0.025	0.353044494
90	0.4	0.025	0.300015483
90	0.5	0.025	0.260647743
90	0.6	0.025	0.230971084
90	0.7	0.025	0.20960596
90	0.8	0.025	0.196617791
90	0.9	0.025	0.19539528
90	0.95	0.025	0.204087541
90	0.99	0.025	0.231486249
100	0.01	0.025	0.940725119
100	0.05	0.025	0.650631691
100	0.1	0.025	0.526558165
100	0.2	0.025	0.403233818
100	0.3	0.025	0.332028864
100	0.4	0.025	0.282593319
100	0.5	0.025	0.245804804
100	0.6	0.025	0.218179519
100	0.7	0.025	0.198427392
100	0.8	0.025	0.186690489
100	0.9	0.025	0.186243924
100	0.95	0.025	0.194722669
100	0.99	0.025	0.221215395
6	0.01	0.05	6.809027174
6	0.05	0.05	4.530980624
6	0.1	0.05	3.547847495
6	0.2	0.05	2.558223823
6	0.3	0.05	1.977635252
6	0.4	0.05	1.567168136
6	0.5	0.05	1.252498834
6	0.6	0.05	1.004453297
6	0.7	0.05	0.807289643
6	0.8	0.05	0.654076398
6	0.9	0.05	0.546743279
6	0.95	0.05	0.518225267
6	0.99	0.05	0.535983632
8	0.01	0.05	4.939004105
8	0.05	0.05	3.31201292
8	0.1	0.05	2.611258277
8	0.2	0.05	1.906721075
8	0.3	0.05	1.492844445
8	0.4	0.05	1.200859842
8	0.5	0.05	0.976743745
8	0.6	0.05	0.800529535
8	0.7	0.05	0.659828062
8	0.8	0.05	0.552226089
8	0.9	0.05	0.480129466
8	0.95	0.05	0.465296363
8	0.99	0.05	0.490902511
10	0.01	0.05	3.968704938
10	0.05	0.05	2.674524946
10	0.1	0.05	2.11749674
10	0.2	0.05	1.558783365
10	0.3	0.05	1.230330841
10	0.4	0.05	0.998161943
10	0.5	0.05	0.82148882
10	0.6	0.05	0.682317417
10	0.7	0.05	0.572264872
10	0.8	0.05	0.488438705
10	0.9	0.05	0.434858535
10	0.95	0.05	0.427231611
10	0.99	0.05	0.456718363
12	0.01	0.05	3.373517958
12	0.05	0.05	2.282522847
12	0.1	0.05	1.812512305
12	0.2	0.05	1.340986647
12	0.3	0.05	1.063970149
12	0.4	0.05	0.868691153
12	0.5	0.05	0.720414065
12	0.6	0.05	0.60349759
12	0.7	0.05	0.511662976
12	0.8	0.05	0.44270386
12	0.9	0.05	0.401125937
12	0.95	0.05	0.397781177
12	0.99	0.05	0.428960096
15	0.01	0.05	2.790697036
15	0.05	0.05	1.89522369
15	0.1	0.05	1.510202906
15	0.2	0.05	1.124115336
15	0.3	0.05	0.897990806
15	0.4	0.05	0.738483266
15	0.5	0.05	0.617579035
15	0.6	0.05	0.522817061
15	0.7	0.05	0.4485977
15	0.8	0.05	0.394151145
15	0.9	0.05	0.363354993
15	0.95	0.05	0.363876007
15	0.99	0.05	0.396209701
20	0.01	0.05	2.23405562
20	0.05	0.05	1.523211709
20	0.1	0.05	1.218148885
20	0.2	0.05	0.912580313
20	0.3	0.05	0.733557061
20	0.4	0.05	0.608320282
20	0.5	0.05	0.513510983
20	0.6	0.05	0.439343969
20	0.7	0.05	0.382186306
20	0.8	0.05	0.341192757
20	0.9	0.05	0.320763766
20	0.95	0.05	0.324656031
20	0.99	0.05	0.357412937
25	0.01	0.05	1.898964735
25	0.05	0.05	1.298696711
25	0.1	0.05	1.040634108
25	0.2	0.05	0.78336768
25	0.3	0.05	0.633053472
25	0.4	0.05	0.527340808
25	0.5	0.05	0.447589455
25	0.6	0.05	0.385875236
25	0.7	0.05	0.338667349
25	0.8	0.05	0.305731089
25	0.9	0.05	0.290983471
25	0.95	0.05	0.296536123
25	0.99	0.05	0.328539174
30	0.01	0.05	1.672282901
30	0.05	0.05	1.145814777
30	0.1	0.05	0.919883516
30	0.2	0.05	0.694406838
30	0.3	0.05	0.562729407
30	0.4	0.05	0.470727399
30	0.5	0.05	0.401494453
30	0.6	0.05	0.348135298
30	0.7	0.05	0.307438087
30	0.8	0.05	0.279782419
30	0.9	0.05	0.268662975
30	0.95	0.05	0.275117776
30	0.99	0.05	0.306378516
35	0.01	0.05	1.504102624
35	0.05	0.05	1.032332831
35	0.1	0.05	0.830051757
35	0.2	0.05	0.62769883
35	0.3	0.05	0.510163154
35	0.4	0.05	0.428028725
35	0.5	0.05	0.366394261
35	0.6	0.05	0.31907135
35	0.7	0.05	0.283308954
35	0.8	0.05	0.259621104
35	0.9	0.05	0.250985049
35	0.95	0.05	0.258266591
35	0.99	0.05	0.288483974
40	0.01	0.05	1.377872075
40	0.05	0.05	0.946492971
40	0.1	0.05	0.761774634
40	0.2	0.05	0.577563714
40	0.3	0.05	0.470601341
40	0.4	0.05	0.395645268
40	0.5	0.05	0.339401069
40	0.6	0.05	0.296364016
40	0.7	0.05	0.264355169
40	0.8	0.05	0.243258419
40	0.9	0.05	0.23656963
40	0.95	0.05	0.244115037
40	0.99	0.05	0.273824575
45	0.01	0.05	1.277305976
45	0.05	0.05	0.878783707
45	0.1	0.05	0.708087293
45	0.2	0.05	0.537367716
45	0.3	0.05	0.438175482
45	0.4	0.05	0.369169259
45	0.5	0.05	0.317331714
45	0.6	0.05	0.277917801
45	0.7	0.05	0.248633202
45	0.8	0.05	0.229721626
45	0.9	0.05	0.224364191
45	0.95	0.05	0.232120909
45	0.99	0.05	0.261048726
50	0.01	0.05	1.193457878
50	0.05	0.05	0.82158419
50	0.1	0.05	0.662447961
50	0.2	0.05	0.503637205
50	0.3	0.05	0.411536938
50	0.4	0.05	0.347125976
50	0.5	0.05	0.29905571
50	0.6	0.05	0.262612179
50	0.7	0.05	0.235609647
50	0.8	0.05	0.218366987
50	0.9	0.05	0.214146774
50	0.95	0.05	0.222060548
50	0.99	0.05	0.250045345
60	0.01	0.05	1.064868234
60	0.05	0.05	0.734202236
60	0.1	0.05	0.592539841
60	0.2	0.05	0.451477016
60	0.3	0.05	0.369669499
60	0.4	0.05	0.312796293
60	0.5	0.05	0.270381299
60	0.6	0.05	0.238132215
60	0.7	0.05	0.2145029
60	0.8	0.05	0.199834
60	0.9	0.05	0.197123092
60	0.95	0.05	0.205066831
60	0.99	0.05	0.231880214
70	0.01	0.05	0.968254295
70	0.05	0.05	0.668137614
70	0.1	0.05	0.539947502
70	0.2	0.05	0.412153714
70	0.3	0.05	0.338093188
70	0.4	0.05	0.286742367
70	0.5	0.05	0.248458356
70	0.6	0.05	0.219430607
70	0.7	0.05	0.198449979
70	0.8	0.05	0.185683298
70	0.9	0.05	0.184073461
70	0.95	0.05	0.192033954
70	0.99	0.05	0.217585271
80	0.01	0.05	0.893066181
80	0.05	0.05	0.616999614
80	0.1	0.05	0.498973231
80	0.2	0.05	0.381373441
80	0.3	0.05	0.313201465
80	0.4	0.05	0.265998093
80	0.5	0.05	0.230997383
80	0.6	0.05	0.20458522
80	0.7	0.05	0.18557411
80	0.8	0.05	0.174066027
80	0.9	0.05	0.173130389
80	0.95	0.05	0.180962409
80	0.99	0.05	0.205484004
90	0.01	0.05	0.832608234
90	0.05	0.05	0.575554364
90	0.1	0.05	0.465657633
90	0.2	0.05	0.35648459
90	0.3	0.05	0.293056781
90	0.4	0.05	0.249305654
90	0.5	0.05	0.216773151
90	0.6	0.05	0.192394427
90	0.7	0.05	0.174840143
90	0.8	0.05	0.164504049
90	0.9	0.05	0.164202436
90	0.95	0.05	0.171919918
90	0.99	0.05	0.195391473
100	0.01	0.05	0.781957864
100	0.05	0.05	0.54111982
100	0.1	0.05	0.438086266
100	0.2	0.05	0.335484063
100	0.3	0.05	0.276120052
100	0.4	0.05	0.235163631
100	0.5	0.05	0.204681278
100	0.6	0.05	0.181862134
100	0.7	0.05	0.165610171
100	0.8	0.05	0.156329776
100	0.9	0.05	0.156369101
100	0.95	0.05	0.163960998
100	0.99	0.05	0.186689928
6	0.01	0.95	-1.693592418
6	0.05	0.95	-1.24265863
6	0.1	0.95	-1.062632338
6	0.2	0.95	-0.908279895
6	0.3	0.95	-0.849638349
6	0.4	0.95	-0.845052052
6	0.5	0.95	-0.888397797
6	0.6	0.95	-0.981724481
6	0.7	0.95	-1.127425493
6	0.8	0.95	-1.340356608
6	0.9	0.95	-1.674494767
6	0.95	0.95	-1.957975405
6	0.99	0.95	-2.467599172
8	0.01	0.95	-1.547431344
8	0.05	0.95	-1.126882636
8	0.1	0.95	-0.955885495
8	0.2	0.95	-0.802285606
8	0.3	0.95	-0.733437675
8	0.4	0.95	-0.708621179
8	0.5	0.95	-0.719933819
8	0.6	0.95	-0.766337034
8	0.7	0.95	-0.852383608
8	0.8	0.95	-0.988141636
8	0.9	0.95	-1.209176077
8	0.95	0.95	-1.402762542
8	0.99	0.95	-1.755190371
10	0.01	0.95	-1.437629762
10	0.05	0.95	-1.041709408
10	0.1	0.95	-0.879301319
10	0.2	0.95	-0.729761482
10	0.3	0.95	-0.658681373
10	0.4	0.95	-0.626149965
10	0.5	0.95	-0.623380572
10	0.6	0.95	-0.649072453
10	0.7	0.95	-0.706661777
10	0.8	0.95	-0.80420959
10	0.9	0.95	-0.970054006
10	0.95	0.95	-1.117513608
10	0.99	0.95	-1.390144463
12	0.01	0.95	-1.350386807
12	0.05	0.95	-0.975335128
12	0.1	0.95	-0.820180497
12	0.2	0.95	-0.676208242
12	0.3	0.95	-0.605003047
12	0.4	0.95	-0.569291162
12	0.5	0.95	-0.559455111
12	0.6	0.95	-0.574113527
12	0.7	0.95	-0.61585391
12	0.8	0.95	-0.691082764
12	0.9	0.95	-0.824612136
12	0.95	0.95	-0.945254127
12	0.99	0.95	-1.171516363
15	0.01	0.95	-1.246823358
15	0.05	0.95	-0.897536453
15	0.1	0.95	-0.752107617
15	0.2	0.95	-0.615431955
15	0.3	0.95	-0.545931293
15	0.4	0.95	-0.507882709
15	0.5	0.95	-0.492532493
15	0.6	0.95	-0.49792626
15	0.7	0.95	-0.525506429
15	0.8	0.95	-0.58127745
15	0.9	0.95	-0.685127519
15	0.95	0.95	-0.780871525
15	0.99	0.95	-0.962560226
20	0.01	0.95	-1.120070377
20	0.05	0.95	-0.802810184
20	0.1	0.95	-0.67069125
20	0.2	0.95	-0.545116799
20	0.3	0.95	-0.479204658
20	0.4	0.95	-0.441062124
20	0.5	0.95	-0.42176643
20	0.6	0.95	-0.419476518
20	0.7	0.95	-0.435115806
20	0.8	0.95	-0.473689017
20	0.9	0.95	-0.550285224
20	0.95	0.95	-0.623249796
20	0.99	0.95	-0.763973516
25	0.01	0.95	-1.028415369
25	0.05	0.95	-0.735778229
25	0.1	0.95	-0.6130371
25	0.2	0.95	-0.495638071
25	0.3	0.95	-0.433222561
25	0.4	0.95	-0.395836598
25	0.5	0.95	-0.375355334
25	0.6	0.95	-0.369428705
25	0.7	0.95	-0.37925305
25	0.8	0.95	-0.408163198
25	0.9	0.95	-0.469048424
25	0.95	0.95	-0.528453037
25	0.99	0.95	-0.644651957
30	0.01	0.95	-0.957493871
30	0.05	0.95	-0.683252334
30	0.1	0.95	-0.568277168
30	0.2	0.95	-0.457762728
30	0.3	0.95	-0.398341685
30	0.4	0.95	-0.362122373
30	0.5	0.95	-0.341290026
30	0.6	0.95	-0.3335624
30	0.7	0.95	-0.339540458
30	0.8	0.95	-0.362444798
30	0.9	0.95	-0.413308571
30	0.95	0.95	-0.464282767
30	0.99	0.95	-0.564939229
35	0.01	0.95	-0.900007977
35	0.05	0.95	-0.641489696
35	0.1	0.95	-0.533078235
35	0.2	0.95	-0.428601667
35	0.3	0.95	-0.371856575
35	0.4	0.95	-0.33674214
35	0.5	0.95	-0.315849234
35	0.6	0.95	-0.307047733
35	0.7	0.95	-0.310698001
35	0.8	0.95	-0.32963137
35	0.9	0.95	-0.373482955
35	0.95	0.95	-0.417840235
35	0.99	0.95	-0.50678465
40	0.01	0.95	-0.85207461
40	0.05	0.95	-0.606492878
40	0.1	0.95	-0.503281088
40	0.2	0.95	-0.403685978
40	0.3	0.95	-0.349369183
40	0.4	0.95	-0.315546766
40	0.5	0.95	-0.29497536
40	0.6	0.95	-0.285477152
40	0.7	0.95	-0.287538567
40	0.8	0.95	-0.303509557
40	0.9	0.95	-0.342459885
40	0.95	0.95	-0.382411156
40	0.99	0.95	-0.462867738
45	0.01	0.95	-0.813461825
45	0.05	0.95	-0.578359369
45	0.1	0.95	-0.479424376
45	0.2	0.95	-0.383659235
45	0.3	0.95	-0.331287919
45	0.4	0.95	-0.298430163
45	0.5	0.95	-0.27809642
45	0.6	0.95	-0.268258186
45	0.7	0.95	-0.269167291
45	0.8	0.95	-0.282819757
45	0.9	0.95	-0.317764824
45	0.95	0.95	-0.354120416
45	0.99	0.95	-0.428036787
50	0.01	0.95	-0.77867062
50	0.05	0.95	-0.55315429
50	0.1	0.95	-0.458245488
50	0.2	0.95	-0.366320008
50	0.3	0.95	-0.315913138
50	0.4	0.95	-0.284022942
50	0.5	0.95	-0.264078838
50	0.6	0.95	-0.254132472
50	0.7	0.95	-0.254071169
50	0.8	0.95	-0.266132948
50	0.9	0.95	-0.297857748
50	0.95	0.95	-0.331233343
50	0.99	0.95	-0.399641251
60	0.01	0.95	-0.72110498
60	0.05	0.95	-0.511697739
60	0.1	0.95	-0.42334703
60	0.2	0.95	-0.337609297
60	0.3	0.95	-0.29057733
60	0.4	0.95	-0.260328378
60	0.5	0.95	-0.241113089
60	0.6	0.95	-0.230987893
60	0.7	0.95	-0.229652621
60	0.8	0.95	-0.239190647
60	0.9	0.95	-0.266247422
60	0.95	0.95	-0.295424126
60	0.99	0.95	-0.355398591
70	0.01	0.95	-0.676085973
70	0.05	0.95	-0.479163725
70	0.1	0.95	-0.396102422
70	0.2	0.95	-0.315368617
70	0.3	0.95	-0.270636005
70	0.4	0.95	-0.241993418
70	0.5	0.95	-0.223363356
70	0.6	0.95	-0.212999837
70	0.7	0.95	-0.210940313
70	0.8	0.95	-0.218683696
70	0.9	0.95	-0.24261598
70	0.95	0.95	-0.268631993
70	0.99	0.95	-0.32259513
80	0.01	0.95	-0.638521022
80	0.05	0.95	-0.452065136
80	0.1	0.95	-0.37340324
80	0.2	0.95	-0.296920441
80	0.3	0.95	-0.254522185
80	0.4	0.95	-0.227068232
80	0.5	0.95	-0.20921309
80	0.6	0.95	-0.199060768
80	0.7	0.95	-0.196660011
80	0.8	0.95	-0.203172394
80	0.9	0.95	-0.224418276
80	0.95	0.95	-0.247958291
80	0.99	0.95	-0.297209213
90	0.01	0.95	-0.606130299
90	0.05	0.95	-0.42894594
90	0.1	0.95	-0.354178957
90	0.2	0.95	-0.28144175
90	0.3	0.95	-0.240844865
90	0.4	0.95	-0.214580028
90	0.5	0.95	-0.197384925
90	0.6	0.95	-0.187347997
90	0.7	0.95	-0.184497578
90	0.8	0.95	-0.190209957
90	0.9	0.95	-0.209435892
90	0.95	0.95	-0.231188965
90	0.99	0.95	-0.27672694
100	0.01	0.95	-0.579512371
100	0.05	0.95	-0.409857658
100	0.1	0.95	-0.33825245
100	0.2	0.95	-0.268364468
100	0.3	0.95	-0.229526574
100	0.4	0.95	-0.20413569
100	0.5	0.95	-0.187420787
100	0.6	0.95	-0.177503328
100	0.7	0.95	-0.174332711
100	0.8	0.95	-0.17925356
100	0.9	0.95	-0.196786205
100	0.95	0.95	-0.217071201
100	0.99	0.95	-0.259620252
6	0.01	0.975	-2.014805158
6	0.05	0.975	-1.473167459
6	0.1	0.975	-1.258193424
6	0.2	0.975	-1.07777776
6	0.3	0.975	-1.019186747
6	0.4	0.975	-1.034668198
6	0.5	0.975	-1.11606906
6	0.6	0.975	-1.260174917
6	0.7	0.975	-1.470039942
6	0.8	0.975	-1.762318854
6	0.9	0.975	-2.210119478
6	0.95	0.975	-2.586084815
6	0.99	0.975	-3.253197337
8	0.01	0.975	-1.83588828
8	0.05	0.975	-1.332981703
8	0.1	0.975	-1.129272415
8	0.2	0.975	-0.947926151
8	0.3	0.975	-0.871978371
8	0.4	0.975	-0.852940209
8	0.5	0.975	-0.881127824
8	0.6	0.975	-0.956088448
8	0.7	0.975	-1.078688722
8	0.8	0.975	-1.262991791
8	0.9	0.975	-1.554924206
8	0.95	0.975	-1.804952677
8	0.99	0.975	-2.257099628
10	0.01	0.975	-1.704186888
10	0.05	0.975	-1.232026692
10	0.1	0.975	-1.038698973
10	0.2	0.975	-0.862338355
10	0.3	0.975	-0.780694085
10	0.4	0.975	-0.748441982
10	0.5	0.975	-0.755183498
10	0.6	0.975	-0.798022426
10	0.7	0.975	-0.880254414
10	0.8	0.975	-1.01080589
10	0.9	0.975	-1.225856344
10	0.95	0.975	-1.414404003
10	0.99	0.975	-1.760902445
12	0.01	0.975	-1.598500495
12	0.05	0.975	-1.153185015
12	0.1	0.975	-0.969192373
12	0.2	0.975	-0.798304913
12	0.3	0.975	-0.716050938
12	0.4	0.975	-0.677878735
12	0.5	0.975	-0.672816033
12	0.6	0.975	-0.699195577
12	0.7	0.975	-0.759185833
12	0.8	0.975	-0.861134823
12	0.9	0.975	-1.034720136
12	0.95	0.975	-1.188188672
12	0.99	0.975	-1.473451887
15	0.01	0.975	-1.475904189
15	0.05	0.975	-1.061038623
15	0.1	0.975	-0.888689194
15	0.2	0.975	-0.726631336
15	0.3	0.975	-0.645207986
15	0.4	0.975	-0.603053538
15	0.5	0.975	-0.589365184
15	0.6	0.975	-0.602098896
15	0.7	0.975	-0.642462445
15	0.8	0.975	-0.716868877
15	0.9	0.975	-0.850007272
15	0.95	0.975	-0.971036691
15	0.99	0.975	-1.198433949
20	0.01	0.975	-1.326025678
20	0.05	0.975	-0.949699093
20	0.1	0.975	-0.792757367
20	0.2	0.975	-0.643786729
20	0.3	0.975	-0.566548561
20	0.4	0.975	-0.522783922
20	0.5	0.975	-0.502400179
20	0.6	0.975	-0.503613714
20	0.7	0.975	-0.527740923
20	0.8	0.975	-0.578777318
20	0.9	0.975	-0.676335757
20	0.95	0.975	-0.767139706
20	0.99	0.975	-0.941695101
25	0.01	0.975	-1.217272196
25	0.05	0.975	-0.869497137
25	0.1	0.975	-0.724209515
25	0.2	0.975	-0.585658346
25	0.3	0.975	-0.51220273
25	0.4	0.975	-0.468943346
25	0.5	0.975	-0.446400105
25	0.6	0.975	-0.442587432
25	0.7	0.975	-0.457375568
25	0.8	0.975	-0.496285399
25	0.9	0.975	-0.573152499
25	0.95	0.975	-0.647097751
25	0.99	0.975	-0.790410094
30	0.01	0.975	-1.13199614
30	0.05	0.975	-0.807695724
30	0.1	0.975	-0.6717827
30	0.2	0.975	-0.541079998
30	0.3	0.975	-0.471089424
30	0.4	0.975	-0.428917232
30	0.5	0.975	-0.405472812
30	0.6	0.975	-0.39850268
30	0.7	0.975	-0.408558886
30	0.8	0.975	-0.439437215
30	0.9	0.975	-0.50410827
30	0.95	0.975	-0.567001194
30	0.99	0.975	-0.69042911
35	0.01	0.975	-1.065530125
35	0.05	0.975	-0.759015596
35	0.1	0.975	-0.630362028
35	0.2	0.975	-0.506330182
35	0.3	0.975	-0.43946696
35	0.4	0.975	-0.398554175
35	0.5	0.975	-0.375132497
35	0.6	0.975	-0.366477294
35	0.7	0.975	-0.372942503
35	0.8	0.975	-0.398000139
35	0.9	0.975	-0.453489651
35	0.95	0.975	-0.508728308
35	0.99	0.975	-0.617772335
40	0.01	0.975	-1.009356617
40	0.05	0.975	-0.717784319
40	0.1	0.975	-0.595344838
40	0.2	0.975	-0.477384939
40	0.3	0.975	-0.413240854
40	0.4	0.975	-0.373792816
40	0.5	0.975	-0.350458589
40	0.6	0.975	-0.340689624
40	0.7	0.975	-0.344984886
40	0.8	0.975	-0.366267815
40	0.9	0.975	-0.415262228
40	0.95	0.975	-0.464878984
40	0.99	0.975	-0.563215911
45	0.01	0.975	-0.963173272
45	0.05	0.975	-0.68439556
45	0.1	0.975	-0.567117107
45	0.2	0.975	-0.453763227
45	0.3	0.975	-0.392136463
45	0.4	0.975	-0.353398976
45	0.5	0.975	-0.330112152
45	0.6	0.975	-0.319736403
45	0.7	0.975	-0.322186186
45	0.8	0.975	-0.340551621
45	0.9	0.975	-0.384209674
45	0.95	0.975	-0.429239975
45	0.99	0.975	-0.519298473
50	0.01	0.975	-0.921865853
50	0.05	0.975	-0.654689143
50	0.1	0.975	-0.541981343
50	0.2	0.975	-0.433086127
50	0.3	0.975	-0.373665953
50	0.4	0.975	-0.336371737
50	0.5	0.975	-0.313509014
50	0.6	0.975	-0.302789848
50	0.7	0.975	-0.304024853
50	0.8	0.975	-0.320143993
50	0.9	0.975	-0.360053959
50	0.95	0.975	-0.401193199
50	0.99	0.975	-0.484326043
60	0.01	0.975	-0.853925519
60	0.05	0.975	-0.605658438
60	0.1	0.975	-0.501200982
60	0.2	0.975	-0.39952768
60	0.3	0.975	-0.343754464
60	0.4	0.975	-0.30838249
60	0.5	0.975	-0.286332326
60	0.6	0.975	-0.274797489
60	0.7	0.975	-0.274382722
60	0.8	0.975	-0.287053016
60	0.9	0.975	-0.321110778
60	0.95	0.975	-0.35706118
60	0.99	0.975	-0.430172247
70	0.01	0.975	-0.80094703
70	0.05	0.975	-0.56757131
70	0.1	0.975	-0.468876372
70	0.2	0.975	-0.373031832
70	0.3	0.975	-0.32030905
70	0.4	0.975	-0.286480649
70	0.5	0.975	-0.264945646
70	0.6	0.975	-0.253509664
70	0.7	0.975	-0.252034549
70	0.8	0.975	-0.26255649
70	0.9	0.975	-0.292189192
70	0.95	0.975	-0.32416287
70	0.99	0.975	-0.389697136
80	0.01	0.975	-0.75701969
80	0.05	0.975	-0.535716804
80	0.1	0.975	-0.442276227
80	0.2	0.975	-0.351462245
80	0.3	0.975	-0.301319301
80	0.4	0.975	-0.269074012
80	0.5	0.975	-0.248299688
80	0.6	0.975	-0.236843756
80	0.7	0.975	-0.234650706
80	0.8	0.975	-0.243488622
80	0.9	0.975	-0.27010717
80	0.95	0.975	-0.298837892
80	0.99	0.975	-0.358563591
90	0.01	0.975	-0.718108077
90	0.05	0.975	-0.508263893
90	0.1	0.975	-0.419572979
90	0.2	0.975	-0.333190704
90	0.3	0.975	-0.285148232
90	0.4	0.975	-0.254217781
90	0.5	0.975	-0.234167561
90	0.6	0.975	-0.222822617
90	0.7	0.975	-0.220123874
90	0.8	0.975	-0.22776162
90	0.9	0.975	-0.25199608
90	0.95	0.975	-0.278394326
90	0.99	0.975	-0.333633545
100	0.01	0.975	-0.686810262
100	0.05	0.975	-0.485792991
100	0.1	0.975	-0.400656691
100	0.2	0.975	-0.317790048
100	0.3	0.975	-0.27165655
100	0.4	0.975	-0.241867087
100	0.5	0.975	-0.222364695
100	0.6	0.975	-0.211133951
100	0.7	0.975	-0.208012472
100	0.8	0.975	-0.214521406
100	0.9	0.975	-0.236587652
100	0.95	0.975	-0.261190413
100	0.99	0.975	-0.312669293
6	0.01	0.99	-2.347333224
6	0.05	0.99	-1.716032964
6	0.1	0.99	-1.467245009
6	0.2	0.99	-1.270105535
6	0.3	0.99	-1.231424957
6	0.4	0.99	-1.294783555
6	0.5	0.99	-1.444423796
6	0.6	0.99	-1.671620052
6	0.7	0.99	-1.980541574
6	0.8	0.99	-2.400299224
6	0.9	0.99	-3.022105928
6	0.95	0.99	-3.535754588
6	0.99	0.99	-4.443656557
8	0.01	0.99	-2.137496576
8	0.05	0.99	-1.550902658
8	0.1	0.99	-1.314335084
8	0.2	0.99	-1.110710257
8	0.3	0.99	-1.035795911
8	0.4	0.99	-1.036276657
8	0.5	0.99	-1.099276111
8	0.6	0.99	-1.218690888
8	0.7	0.99	-1.398607607
8	0.8	0.99	-1.654675958
8	0.9	0.99	-2.04883632
8	0.95	0.99	-2.38219303
8	0.99	0.99	-2.979354449
10	0.01	0.99	-1.986121622
10	0.05	0.99	-1.435280577
10	0.1	0.99	-1.210098551
10	0.2	0.99	-1.007858478
10	0.3	0.99	-0.921998568
10	0.4	0.99	-0.897432434
10	0.5	0.99	-0.923294197
10	0.6	0.99	-0.995601042
10	0.7	0.99	-1.116442352
10	0.8	0.99	-1.295883262
10	0.9	0.99	-1.583945958
10	0.95	0.99	-1.830185993
10	0.99	0.99	-2.276727189
12	0.01	0.99	-1.865326763
12	0.05	0.99	-1.34330099
12	0.1	0.99	-1.129272621
12	0.2	0.99	-0.93291109
12	0.3	0.99	-0.842256591
12	0.4	0.99	-0.806484856
12	0.5	0.99	-0.813552953
12	0.6	0.99	-0.860716289
12	0.7	0.99	-0.949970517
12	0.8	0.99	-1.090665371
12	0.9	0.99	-1.319186889
12	0.95	0.99	-1.519050714
12	0.99	0.99	-1.88468579
15	0.01	0.99	-1.72187
15	0.05	0.99	-1.236633575
15	0.1	0.99	-1.035628583
15	0.2	0.99	-0.84915516
15	0.3	0.99	-0.757822797
15	0.4	0.99	-0.714558344
15	0.5	0.99	-0.706802285
15	0.6	0.99	-0.732231747
15	0.7	0.99	-0.792327635
15	0.8	0.99	-0.895447583
15	0.9	0.99	-1.069295218
15	0.95	0.99	-1.225014453
15	0.99	0.99	-1.513226305
20	0.01	0.99	-1.55026365
20	0.05	0.99	-1.109991241
20	0.1	0.99	-0.925986604
20	0.2	0.99	-0.753042919
20	0.3	0.99	-0.664257683
20	0.4	0.99	-0.616920294
20	0.5	0.99	-0.599154785
20	0.6	0.99	-0.608073973
20	0.7	0.99	-0.644110492
20	0.8	0.99	-0.713793771
20	0.9	0.99	-0.840006118
20	0.95	0.99	-0.956253197
20	0.99	0.99	-1.175197401
25	0.01	0.99	-1.424160984
25	0.05	0.99	-1.017641612
25	0.1	0.99	-0.847383562
25	0.2	0.99	-0.685276675
25	0.3	0.99	-0.600680877
25	0.4	0.99	-0.552986429
25	0.5	0.99	-0.530176301
25	0.6	0.99	-0.530489801
25	0.7	0.99	-0.554558509
25	0.8	0.99	-0.606446075
25	0.9	0.99	-0.706268784
25	0.95	0.99	-0.799734082
25	0.99	0.99	-0.97924154
30	0.01	0.99	-1.326527052
30	0.05	0.99	-0.945998869
30	0.1	0.99	-0.786417368
30	0.2	0.99	-0.633952704
30	0.3	0.99	-0.552968509
30	0.4	0.99	-0.505542812
30	0.5	0.99	-0.481306386
30	0.6	0.99	-0.476857332
30	0.7	0.99	-0.493743972
30	0.8	0.99	-0.535193048
30	0.9	0.99	-0.61811043
30	0.95	0.99	-0.697231357
30	0.99	0.99	-0.850427673
35	0.01	0.99	-1.248430747
35	0.05	0.99	-0.888749385
35	0.1	0.99	-0.738035957
35	0.2	0.99	-0.592948371
35	0.3	0.99	-0.515853966
35	0.4	0.99	-0.469349322
35	0.5	0.99	-0.444060588
35	0.6	0.99	-0.43698361
35	0.7	0.99	-0.44801537
35	0.8	0.99	-0.481933581
35	0.9	0.99	-0.553437865
35	0.95	0.99	-0.622935652
35	0.99	0.99	-0.758341864
40	0.01	0.99	-1.183436649
40	0.05	0.99	-0.842112338
40	0.1	0.99	-0.698224828
40	0.2	0.99	-0.560044575
40	0.3	0.99	-0.485552881
40	0.4	0.99	-0.440486434
40	0.5	0.99	-0.414619922
40	0.6	0.99	-0.405794313
40	0.7	0.99	-0.414327906
40	0.8	0.99	-0.443292829
40	0.9	0.99	-0.505801286
40	0.95	0.99	-0.567045395
40	0.99	0.99	-0.689313794
45	0.01	0.99	-1.129096828
45	0.05	0.99	-0.802313306
45	0.1	0.99	-0.664624019
45	0.2	0.99	-0.532202165
45	0.3	0.99	-0.460513233
45	0.4	0.99	-0.416433752
45	0.5	0.99	-0.390160653
45	0.6	0.99	-0.380239718
45	0.7	0.99	-0.386017557
45	0.8	0.99	-0.411243503
45	0.9	0.99	-0.466702257
45	0.95	0.99	-0.522492256
45	0.99	0.99	-0.633239127
50	0.01	0.99	-1.081335977
50	0.05	0.99	-0.767686118
50	0.1	0.99	-0.635820248
50	0.2	0.99	-0.508411371
50	0.3	0.99	-0.439017741
50	0.4	0.99	-0.39632914
50	0.5	0.99	-0.370768354
50	0.6	0.99	-0.359894377
50	0.7	0.99	-0.363972227
50	0.8	0.99	-0.385901633
50	0.9	0.99	-0.436697626
50	0.95	0.99	-0.487591035
50	0.99	0.99	-0.590006858
60	0.01	0.99	-1.00258365
60	0.05	0.99	-0.710884518
60	0.1	0.99	-0.58836014
60	0.2	0.99	-0.469217007
60	0.3	0.99	-0.404457794
60	0.4	0.99	-0.363447453
60	0.5	0.99	-0.338315542
60	0.6	0.99	-0.326530955
60	0.7	0.99	-0.328066327
60	0.8	0.99	-0.345502434
60	0.9	0.99	-0.38847313
60	0.95	0.99	-0.433008293
60	0.99	0.99	-0.52269306
70	0.01	0.99	-0.941607872
70	0.05	0.99	-0.667275851
70	0.1	0.99	-0.551305807
70	0.2	0.99	-0.438816357
70	0.3	0.99	-0.376866768
70	0.4	0.99	-0.337624941
70	0.5	0.99	-0.313140938
70	0.6	0.99	-0.300855558
70	0.7	0.99	-0.300718414
70	0.8	0.99	-0.315075511
70	0.9	0.99	-0.35282305
70	0.95	0.99	-0.392029436
70	0.99	0.99	-0.472244713
80	0.01	0.99	-0.889205764
80	0.05	0.99	-0.629929401
80	0.1	0.99	-0.520261184
80	0.2	0.99	-0.413522372
80	0.3	0.99	-0.354621412
80	0.4	0.99	-0.317278936
80	0.5	0.99	-0.293403162
80	0.6	0.99	-0.28096135
80	0.7	0.99	-0.279830002
80	0.8	0.99	-0.291998475
80	0.9	0.99	-0.325046669
80	0.95	0.99	-0.360514874
80	0.99	0.99	-0.433252992
90	0.01	0.99	-0.845159752
90	0.05	0.99	-0.597913266
90	0.1	0.99	-0.493521052
90	0.2	0.99	-0.391897219
90	0.3	0.99	-0.335865358
90	0.4	0.99	-0.299879376
90	0.5	0.99	-0.276834368
90	0.6	0.99	-0.264441727
90	0.7	0.99	-0.262465622
90	0.8	0.99	-0.272810537
90	0.9	0.99	-0.303230068
90	0.95	0.99	-0.335871695
90	0.99	0.99	-0.402913573
100	0.01	0.99	-0.808955862
100	0.05	0.99	-0.571955831
100	0.1	0.99	-0.471875344
100	0.2	0.99	-0.374120445
100	0.3	0.99	-0.320046524
100	0.4	0.99	-0.285224345
100	0.5	0.99	-0.262761701
100	0.6	0.99	-0.250152707
100	0.7	0.99	-0.247720854
100	0.8	0.99	-0.256882389
100	0.9	0.99	-0.284460273
100	0.95	0.99	-0.314848473
100	0.99	0.99	-0.377466533
6	0.01	0.995	-2.551078851
6	0.05	0.995	-1.864931241
6	0.1	0.995	-1.598717032
6	0.2	0.995	-1.402131629
6	0.3	0.995	-1.394407573
6	0.4	0.995	-1.509586432
6	0.5	0.995	-1.724724639
6	0.6	0.995	-2.029411985
6	0.7	0.995	-2.430080255
6	0.8	0.995	-2.958964786
6	0.9	0.995	-3.735331874
6	0.95	0.995	-4.368482962
6	0.99	0.995	-5.495814001
8	0.01	0.995	-2.327378212
8	0.05	0.995	-1.688664727
8	0.1	0.995	-1.433168536
8	0.2	0.995	-1.220310608
8	0.3	0.995	-1.153155647
8	0.4	0.995	-1.177209287
8	0.5	0.995	-1.272221749
8	0.6	0.995	-1.435010686
8	0.7	0.995	-1.667404135
8	0.8	0.995	-1.982927005
8	0.9	0.995	-2.461311637
8	0.95	0.995	-2.859915853
8	0.99	0.995	-3.583435965
10	0.01	0.995	-2.162084502
10	0.05	0.995	-1.562076317
10	0.1	0.995	-1.318675151
10	0.2	0.995	-1.104901911
10	0.3	0.995	-1.018364836
10	0.4	0.995	-1.005694959
10	0.5	0.995	-1.051091132
10	0.6	0.995	-1.149839445
10	0.7	0.995	-1.303701234
10	0.8	0.995	-1.526971716
10	0.9	0.995	-1.872094192
10	0.95	0.995	-2.165247493
10	0.99	0.995	-2.700167006
12	0.01	0.995	-2.031646259
12	0.05	0.995	-1.46381244
12	0.1	0.995	-1.23080296
12	0.2	0.995	-1.021020676
12	0.3	0.995	-0.928496111
12	0.4	0.995	-0.898606754
12	0.5	0.995	-0.918659555
12	0.6	0.995	-0.984928035
12	0.7	0.995	-1.099412598
12	0.8	0.995	-1.270347311
12	0.9	0.995	-1.543726218
12	0.95	0.995	-1.778581732
12	0.99	0.995	-2.210979749
15	0.01	0.995	-1.878259824
15	0.05	0.995	-1.349083396
15	0.1	0.995	-1.130718221
15	0.2	0.995	-0.929904735
15	0.3	0.995	-0.834228198
15	0.4	0.995	-0.792908944
15	0.5	0.995	-0.792072626
15	0.6	0.995	-0.829692142
15	0.7	0.995	-0.907538463
15	0.8	0.995	-1.031889353
15	0.9	0.995	-1.238260937
15	0.95	0.995	-1.420222245
15	0.99	0.995	-1.757088988
20	0.01	0.995	-1.692751175
20	0.05	0.995	-1.211891604
20	0.1	0.995	-1.012492568
20	0.2	0.995	-0.824003957
20	0.3	0.995	-0.729646864
20	0.4	0.995	-0.68170906
20	0.5	0.995	-0.666795067
20	0.6	0.995	-0.68245019
20	0.7	0.995	-0.729448172
20	0.8	0.995	-0.814189868
20	0.9	0.995	-0.963736052
20	0.95	0.995	-1.097554402
20	0.99	0.995	-1.349752982
25	0.01	0.995	-1.556662625
25	0.05	0.995	-1.112450684
25	0.1	0.995	-0.926805305
25	0.2	0.995	-0.750385265
25	0.3	0.995	-0.65943853
25	0.4	0.995	-0.609610793
25	0.5	0.995	-0.588482922
25	0.6	0.995	-0.593357781
25	0.7	0.995	-0.624845684
25	0.8	0.995	-0.688285457
25	0.9	0.995	-0.805623489
25	0.95	0.995	-0.913657933
25	0.99	0.995	-1.1184442
30	0.01	0.995	-1.452420213
30	0.05	0.995	-1.036086419
30	0.1	0.995	-0.861111331
30	0.2	0.995	-0.694656314
30	0.3	0.995	-0.607470152
30	0.4	0.995	-0.557377278
30	0.5	0.995	-0.533808362
30	0.6	0.995	-0.532515093
30	0.7	0.995	-0.554755105
30	0.8	0.995	-0.604621305
30	0.9	0.995	-0.701839521
30	0.95	0.995	-0.793587897
30	0.99	0.995	-0.970759383
35	0.01	0.995	-1.367306851
35	0.05	0.995	-0.973249177
35	0.1	0.995	-0.80813674
35	0.2	0.995	-0.650098748
35	0.3	0.995	-0.566504638
35	0.4	0.995	-0.517148904
35	0.5	0.995	-0.491429871
35	0.6	0.995	-0.486217589
35	0.7	0.995	-0.502264161
35	0.8	0.995	-0.543609065
35	0.9	0.995	-0.626482911
35	0.95	0.995	-0.705912111
35	0.99	0.995	-0.861193316
40	0.01	0.995	-1.296245611
40	0.05	0.995	-0.922146312
40	0.1	0.995	-0.765166409
40	0.2	0.995	-0.614358139
40	0.3	0.995	-0.534140296
40	0.4	0.995	-0.485624837
40	0.5	0.995	-0.459326774
40	0.6	0.995	-0.451956983
40	0.7	0.995	-0.463187621
40	0.8	0.995	-0.498569009
40	0.9	0.995	-0.571347227
40	0.95	0.995	-0.642382193
40	0.99	0.995	-0.781599195
45	0.01	0.995	-1.237580005
45	0.05	0.995	-0.880600414
45	0.1	0.995	-0.729846608
45	0.2	0.995	-0.584539317
45	0.3	0.995	-0.506236698
45	0.4	0.995	-0.458691708
45	0.5	0.995	-0.431715778
45	0.6	0.995	-0.422374752
45	0.7	0.995	-0.431298022
45	0.8	0.995	-0.461124721
45	0.9	0.995	-0.526150717
45	0.95	0.995	-0.589760147
45	0.99	0.995	-0.716122657
50	0.01	0.995	-1.18550549
50	0.05	0.995	-0.842504824
50	0.1	0.995	-0.697421286
50	0.2	0.995	-0.558402911
50	0.3	0.995	-0.482869618
50	0.4	0.995	-0.436600527
50	0.5	0.995	-0.40968188
50	0.6	0.995	-0.399450436
50	0.7	0.995	-0.406220169
50	0.8	0.995	-0.432602995
50	0.9	0.995	-0.491845493
50	0.95	0.995	-0.550880524
50	0.99	0.995	-0.667207707
60	0.01	0.995	-1.100507328
60	0.05	0.995	-0.780629712
60	0.1	0.995	-0.646148962
60	0.2	0.995	-0.515777814
60	0.3	0.995	-0.444622648
60	0.4	0.995	-0.400475504
60	0.5	0.995	-0.373586765
60	0.6	0.995	-0.361976343
60	0.7	0.995	-0.365695012
60	0.8	0.995	-0.386838602
60	0.9	0.995	-0.436915497
60	0.95	0.995	-0.487804443
60	0.99	0.995	-0.589365331
70	0.01	0.995	-1.03359324
70	0.05	0.995	-0.732644094
70	0.1	0.995	-0.605631602
70	0.2	0.995	-0.482080738
70	0.3	0.995	-0.414905896
70	0.4	0.995	-0.372292911
70	0.5	0.995	-0.346200735
70	0.6	0.995	-0.333504954
70	0.7	0.995	-0.334519504
70	0.8	0.995	-0.351956023
70	0.9	0.995	-0.395722524
70	0.95	0.995	-0.440913992
70	0.99	0.995	-0.531315225
80	0.01	0.995	-0.976733136
80	0.05	0.995	-0.692179913
80	0.1	0.995	-0.571610928
80	0.2	0.995	-0.454454494
80	0.3	0.995	-0.390277664
80	0.4	0.995	-0.349284489
80	0.5	0.995	-0.324038251
80	0.6	0.995	-0.311293952
80	0.7	0.995	-0.311288626
80	0.8	0.995	-0.325926118
80	0.9	0.995	-0.364443931
80	0.95	0.995	-0.404840283
80	0.99	0.995	-0.486939821
90	0.01	0.995	-0.928858745
90	0.05	0.995	-0.657421451
90	0.1	0.995	-0.542547796
90	0.2	0.995	-0.431224584
90	0.3	0.995	-0.369797159
90	0.4	0.995	-0.330584865
90	0.5	0.995	-0.305875513
90	0.6	0.995	-0.292719962
90	0.7	0.995	-0.291586267
90	0.8	0.995	-0.304200629
90	0.9	0.995	-0.339202221
90	0.95	0.995	-0.376491903
90	0.99	0.995	-0.452791516
100	0.01	0.995	-0.888806652
100	0.05	0.995	-0.628629436
100	0.1	0.995	-0.518534058
100	0.2	0.995	-0.411438954
100	0.3	0.995	-0.352338628
100	0.4	0.995	-0.314367494
100	0.5	0.995	-0.290206739
100	0.6	0.995	-0.277277308
100	0.7	0.995	-0.275323064
100	0.8	0.995	-0.286259815
100	0.9	0.995	-0.318222602
100	0.95	0.995	-0.35256964
100	0.99	0.995	-0.423380427
